% time     seconds  usecs/call     calls    errors syscall
------ ----------- ----------- --------- --------- ------------------
 92,07   28,384840      660112        43           futex
  1,81    0,558692          58      9578           mmap
  1,68    0,516999          60      8564           munmap
  1,67    0,514057          92      5533       557 stat
  0,59    0,183023          61      2955           read
  0,54    0,165244          53      3109           fstat
  0,47    0,144325          52      2753         2 lseek
  0,36    0,111727          63      1771        29 openat
  0,33    0,102133          58      1743           close
  0,24    0,073974          53      1376      1371 ioctl
  0,07    0,022830          67       338           getdents64
  0,06    0,017744          60       291           brk
  0,05    0,015007          69       217           mprotect
  0,01    0,004296          64        67           rt_sigaction
  0,01    0,002382          66        36           lstat
  0,01    0,001984         330         6           clone3
  0,01    0,001768          60        29           rt_sigprocmask
  0,01    0,001559         129        12           madvise
  0,00    0,000932          77        12         9 newfstatat
  0,00    0,000852         852         1           execve
  0,00    0,000663          60        11           getrandom
  0,00    0,000645          64        10         7 readlink
  0,00    0,000478          79         6           fcntl
  0,00    0,000428          53         8           pread64
  0,00    0,000424          53         8           mbind
  0,00    0,000308          44         7           rseq
  0,00    0,000286          40         7           set_robust_list
  0,00    0,000251          83         3           uname
  0,00    0,000225         225         1         1 access
  0,00    0,000159          53         3           sched_getaffinity
  0,00    0,000129          64         2           write
  0,00    0,000122          61         2           unlink
  0,00    0,000105          52         2           prlimit64
  0,00    0,000102          51         2           getcwd
  0,00    0,000101          50         2           gettid
  0,00    0,000100          50         2           getpid
  0,00    0,000087          87         1           arch_prctl
  0,00    0,000085          85         1           readlinkat
  0,00    0,000065          65         1           epoll_create1
  0,00    0,000061          61         1           link
  0,00    0,000052          52         1           set_tid_address
------ ----------- ----------- --------- --------- ------------------
100,00   30,829244         800     38515      1976 total
