% time     seconds  usecs/call     calls    errors syscall
------ ----------- ----------- --------- --------- ------------------
 92,47   25,954286      603588        43         1 futex
  1,88    0,528659          55      9577           mmap
  1,71    0,479420          55      8563           munmap
  1,09    0,307253          55      5533       557 stat
  0,61    0,169949          57      2955           read
  0,56    0,156153          50      3109           fstat
  0,49    0,138607          50      2753         2 lseek
  0,38    0,105407          59      1771        29 openat
  0,34    0,094247          54      1743           close
  0,25    0,071152          51      1376      1371 ioctl
  0,07    0,019823          58       338           getdents64
  0,07    0,018259          63       287           brk
  0,05    0,013112          60       217           mprotect
  0,01    0,002469          85        29           rt_sigprocmask
  0,01    0,002067         172        12           madvise
  0,01    0,002059          57        36           lstat
  0,01    0,001809         301         6           clone3
  0,00    0,000490          40        12         9 newfstatat
  0,00    0,000445          40        11           getrandom
  0,00    0,000433          43        10         7 readlink
  0,00    0,000350         175         2           unlink
  0,00    0,000335          41         8           pread64
  0,00    0,000273          34         8           mbind
  0,00    0,000230          32         7           set_robust_list
  0,00    0,000211          30         7           rseq
  0,00    0,000131          65         2           write
  0,00    0,000118          59         2           getcwd
  0,00    0,000111          37         3           sched_getaffinity
  0,00    0,000109          54         2           getpid
  0,00    0,000093          31         3           uname
  0,00    0,000077          77         1           link
  0,00    0,000076           1        67           rt_sigaction
  0,00    0,000065          10         6           fcntl
  0,00    0,000064          64         1           epoll_create1
  0,00    0,000058          29         2           prlimit64
  0,00    0,000056          28         2           gettid
  0,00    0,000003           3         1           arch_prctl
  0,00    0,000003           3         1           set_tid_address
  0,00    0,000000           0         1         1 access
  0,00    0,000000           0         1           execve
  0,00    0,000000           0         1           readlinkat
------ ----------- ----------- --------- --------- ------------------
100,00   28,068462         728     38509      1977 total
