% time     seconds  usecs/call     calls    errors syscall
------ ----------- ----------- --------- --------- ------------------
 92,51   27,029546      614307        44         2 futex
  1,90    0,554480          57      9577           mmap
  1,87    0,546785          63      8563           munmap
  1,03    0,299533          54      5535       557 stat
  0,57    0,166889          56      2955           read
  0,51    0,150200          48      3110           fstat
  0,45    0,132311          48      2753         2 lseek
  0,36    0,103766          58      1773        30 openat
  0,31    0,091049          52      1744           close
  0,23    0,067412          48      1376      1371 ioctl
  0,09    0,026968         124       217           mprotect
  0,07    0,020523          60       338           getdents64
  0,05    0,015673          53       291           brk
  0,01    0,003177          47        67           rt_sigaction
  0,01    0,002064          57        36           lstat
  0,01    0,001740          60        29           rt_sigprocmask
  0,00    0,001225         204         6           clone3
  0,00    0,001194          99        12           madvise
  0,00    0,000635          57        11           getrandom
  0,00    0,000601          50        12         9 newfstatat
  0,00    0,000531         531         1           execve
  0,00    0,000460          46        10         7 readlink
  0,00    0,000372          46         8           pread64
  0,00    0,000320          45         7           rseq
  0,00    0,000312         104         3           write
  0,00    0,000211          30         7           set_robust_list
  0,00    0,000202          25         8           mbind
  0,00    0,000178          29         6           fcntl
  0,00    0,000125          62         2           unlink
  0,00    0,000115          57         2           getcwd
  0,00    0,000091          91         1           readlinkat
  0,00    0,000090          45         2           gettid
  0,00    0,000087          29         3           sched_getaffinity
  0,00    0,000081          27         3           uname
  0,00    0,000079          79         1           rename
  0,00    0,000072          72         1           set_tid_address
  0,00    0,000066          66         1           link
  0,00    0,000062          31         2           getpid
  0,00    0,000060          60         1         1 access
  0,00    0,000054          54         1           arch_prctl
  0,00    0,000047          23         2           prlimit64
  0,00    0,000046          46         1           epoll_create1
------ ----------- ----------- --------- --------- ------------------
100,00   29,219432         758     38522      1979 total
