% time     seconds  usecs/call     calls    errors syscall
------ ----------- ----------- --------- --------- ------------------
 92,28   30,607171      680159        45         1 futex
  2,47    0,820751          85      9570           mmap
  1,66    0,550821          64      8556           munmap
  0,97    0,321381          58      5538       558 stat
  0,66    0,217550          73      2973           read
  0,48    0,160637          51      3127           fstat
  0,42    0,137973          49      2771         2 lseek
  0,33    0,110597          61      1813        62 openat
  0,29    0,097535          55      1752           close
  0,21    0,068928          49      1385      1380 ioctl
  0,06    0,021037          62       338           getdents64
  0,05    0,017228          59       289           brk
  0,04    0,013982          64       217           mprotect
  0,01    0,004377          65        67           rt_sigaction
  0,01    0,002769         395         7           set_robust_list
  0,01    0,002583         430         6           clone3
  0,01    0,002400          66        36           lstat
  0,01    0,002171          74        29           rt_sigprocmask
  0,01    0,002076         173        12           madvise
  0,01    0,001712         142        12         9 newfstatat
  0,00    0,000578          57        10         7 readlink
  0,00    0,000518          74         7           rseq
  0,00    0,000419          52         8           mbind
  0,00    0,000326          54         6           fcntl
  0,00    0,000311          38         8           pread64
  0,00    0,000202          18        11           getrandom
  0,00    0,000165          82         2           getcwd
  0,00    0,000161          53         3           sched_getaffinity
  0,00    0,000113          56         2           write
  0,00    0,000098          49         2           unlink
  0,00    0,000088          44         2           getpid
  0,00    0,000052          52         1           epoll_create1
  0,00    0,000051          17         3           uname
  0,00    0,000050          50         1           link
  0,00    0,000045          22         2           gettid
  0,00    0,000045          22         2           prlimit64
  0,00    0,000000           0         1         1 access
  0,00    0,000000           0         1           execve
  0,00    0,000000           0         1           arch_prctl
  0,00    0,000000           0         1           set_tid_address
  0,00    0,000000           0         1           readlinkat
------ ----------- ----------- --------- --------- ------------------
100,00   33,166901         858     38618      2020 total
