% time     seconds  usecs/call     calls    errors syscall
------ ----------- ----------- --------- --------- ------------------
 92,65   26,084703      521694        50         2 futex
  1,89    0,532739          55      9569           mmap
  1,73    0,486668          56      8555           munmap
  1,07    0,300440          54      5538       558 stat
  0,55    0,154156          51      2973           read
  0,52    0,146772          46      3127           fstat
  0,45    0,127132          45      2771         2 lseek
  0,35    0,099827          55      1813        62 openat
  0,32    0,090334          51      1752           close
  0,23    0,063533          45      1385      1380 ioctl
  0,07    0,020355          60       338           getdents64
  0,06    0,017208          59       289           brk
  0,05    0,012957          59       217           mprotect
  0,01    0,003952          58        67           rt_sigaction
  0,01    0,002729          75        36           lstat
  0,01    0,001906         317         6           clone3
  0,01    0,001797          61        29           rt_sigprocmask
  0,01    0,001428         119        12           madvise
  0,00    0,001020          92        11           getrandom
  0,00    0,000850          85        10         7 readlink
  0,00    0,000499          71         7           rseq
  0,00    0,000439          36        12         9 newfstatat
  0,00    0,000435          54         8           mbind
  0,00    0,000402          50         8           pread64
  0,00    0,000377          62         6           fcntl
  0,00    0,000371          53         7           set_robust_list
  0,00    0,000296         148         2           write
  0,00    0,000133          44         3           sched_getaffinity
  0,00    0,000115          57         2           unlink
  0,00    0,000104          52         2           prlimit64
  0,00    0,000099          49         2           getpid
  0,00    0,000092          46         2           getcwd
  0,00    0,000067          67         1           link
  0,00    0,000066          66         1           arch_prctl
  0,00    0,000059          29         2           gettid
  0,00    0,000059          59         1           epoll_create1
  0,00    0,000050          16         3           uname
  0,00    0,000009           9         1           set_tid_address
  0,00    0,000000           0         1         1 access
  0,00    0,000000           0         1           execve
  0,00    0,000000           0         1           readlinkat
------ ----------- ----------- --------- --------- ------------------
100,00   28,154178         728     38621      2021 total
