% time     seconds  usecs/call     calls    errors syscall
------ ----------- ----------- --------- --------- ------------------
 92,48   30,342589      689604        44         1 futex
  1,76    0,576341          60      9577           mmap
  1,60    0,523368          61      8563           munmap
  1,03    0,338497          61      5538       558 stat
  0,55    0,179620          60      2973           read
  0,52    0,170727          54      3127           fstat
  0,51    0,167590       27931         6           clone3
  0,45    0,148646          53      2771         2 lseek
  0,36    0,119095          65      1813        62 openat
  0,31    0,102711          58      1752           close
  0,23    0,074340          53      1385      1380 ioctl
  0,07    0,021804          64       338           getdents64
  0,05    0,017829          62       287           brk
  0,04    0,013703          63       217           mprotect
  0,01    0,003186          47        67           rt_sigaction
  0,01    0,001761         146        12           madvise
  0,01    0,001685          46        36           lstat
  0,00    0,001568          54        29           rt_sigprocmask
  0,00    0,000786         786         1           execve
  0,00    0,000727          60        12         9 newfstatat
  0,00    0,000553          55        10         7 readlink
  0,00    0,000479          43        11           getrandom
  0,00    0,000478          59         8           mbind
  0,00    0,000449          56         8           pread64
  0,00    0,000434          62         7           rseq
  0,00    0,000258          36         7           set_robust_list
  0,00    0,000201          33         6           fcntl
  0,00    0,000152          76         2           getpid
  0,00    0,000149          49         3           sched_getaffinity
  0,00    0,000136          68         2           prlimit64
  0,00    0,000127          63         2           write
  0,00    0,000127          63         2           unlink
  0,00    0,000126          63         2           gettid
  0,00    0,000118          59         2           getcwd
  0,00    0,000082          82         1           readlinkat
  0,00    0,000064          64         1           epoll_create1
  0,00    0,000058          58         1         1 access
  0,00    0,000054          54         1           arch_prctl
  0,00    0,000054          54         1           set_tid_address
  0,00    0,000044          14         3           uname
  0,00    0,000018          18         1           link
------ ----------- ----------- --------- --------- ------------------
100,00   32,810734         849     38629      2020 total
