% time     seconds  usecs/call     calls    errors syscall
------ ----------- ----------- --------- --------- ------------------
 92,63   26,916772      585147        46         2 futex
  1,88    0,547321          57      9578           mmap
  1,80    0,521826          60      8564           munmap
  1,03    0,300531          54      5538       558 stat
  0,55    0,160967          54      2973           read
  0,53    0,155358          49      3127           fstat
  0,45    0,130073          46      2771         2 lseek
  0,35    0,102492          56      1813        62 openat
  0,33    0,094484          53      1752           close
  0,22    0,063839          46      1385      1380 ioctl
  0,07    0,020324          60       338           getdents64
  0,05    0,015022          52       287           brk
  0,04    0,011982          55       217           mprotect
  0,01    0,003291         113        29           rt_sigprocmask
  0,01    0,003261         543         6           clone3
  0,01    0,002586          38        67           rt_sigaction
  0,01    0,002307          64        36           lstat
  0,01    0,001760         146        12           madvise
  0,00    0,000653          81         8           mbind
  0,00    0,000567          81         7           rseq
  0,00    0,000489          48        10         7 readlink
  0,00    0,000462          38        12         9 newfstatat
  0,00    0,000433          61         7           set_robust_list
  0,00    0,000411         411         1           execve
  0,00    0,000377          34        11           getrandom
  0,00    0,000355          44         8           pread64
  0,00    0,000300          50         6           fcntl
  0,00    0,000169          56         3           sched_getaffinity
  0,00    0,000136          68         2           unlink
  0,00    0,000120          60         2           getpid
  0,00    0,000110          55         2           write
  0,00    0,000102          51         2           getcwd
  0,00    0,000065          65         1           link
  0,00    0,000059          29         2           gettid
  0,00    0,000058          19         3           uname
  0,00    0,000055          27         2           prlimit64
  0,00    0,000041          41         1           epoll_create1
  0,00    0,000000           0         1         1 access
  0,00    0,000000           0         1           arch_prctl
  0,00    0,000000           0         1           set_tid_address
  0,00    0,000000           0         1           readlinkat
------ ----------- ----------- --------- --------- ------------------
100,00   29,059158         752     38633      2021 total
