% time     seconds  usecs/call     calls    errors syscall
------ ----------- ----------- --------- --------- ------------------
 92,91   27,239970      592173        46         2 futex
  1,92    0,562916          58      9578           mmap
  1,71    0,500163          58      8564           munmap
  0,95    0,278192          50      5538       558 stat
  0,53    0,154929          52      2973           read
  0,49    0,144008          46      3127           fstat
  0,42    0,122355          44      2771         2 lseek
  0,34    0,098880          54      1813        62 openat
  0,30    0,087253          49      1752           close
  0,21    0,061398          44      1385      1380 ioctl
  0,06    0,018792          55       338           getdents64
  0,05    0,016087          56       287           brk
  0,05    0,013838          63       217           mprotect
  0,01    0,003425         118        29           rt_sigprocmask
  0,01    0,003268          48        67           rt_sigaction
  0,01    0,002910         485         6           clone3
  0,01    0,001751          48        36           lstat
  0,01    0,001651         235         7           set_robust_list
  0,00    0,001330         110        12           madvise
  0,00    0,001275         182         7           rseq
  0,00    0,001012        1012         1           execve
  0,00    0,000765          69        11           getrandom
  0,00    0,000643          53        12         9 newfstatat
  0,00    0,000548          68         8           mbind
  0,00    0,000507         506         1           readlinkat
  0,00    0,000457          57         8           pread64
  0,00    0,000318          31        10         7 readlink
  0,00    0,000247         123         2           getpid
  0,00    0,000174          29         6           fcntl
  0,00    0,000155          51         3           sched_getaffinity
  0,00    0,000150          75         2           prlimit64
  0,00    0,000130         130         1         1 access
  0,00    0,000126          63         2           unlink
  0,00    0,000114          57         2           write
  0,00    0,000102          51         2           getcwd
  0,00    0,000064          64         1           link
  0,00    0,000060          30         2           gettid
  0,00    0,000058          58         1           arch_prctl
  0,00    0,000056          18         3           uname
  0,00    0,000055          55         1           set_tid_address
  0,00    0,000000           0         1           epoll_create1
------ ----------- ----------- --------- --------- ------------------
100,00   29,320132         758     38633      2021 total
