% time     seconds  usecs/call     calls    errors syscall
------ ----------- ----------- --------- --------- ------------------
 92,53   29,315381      697985        42           futex
  1,91    0,603641          63      9569           mmap
  1,84    0,583412          68      8555           munmap
  1,03    0,326276          58      5538       558 stat
  0,58    0,183898          61      2973           read
  0,52    0,164573          52      3127           fstat
  0,45    0,143913          51      2771         2 lseek
  0,36    0,114763          63      1813        62 openat
  0,31    0,099634          56      1752           close
  0,23    0,073317          52      1385      1380 ioctl
  0,07    0,023449          69       338           getdents64
  0,06    0,018099          63       286           brk
  0,04    0,014076          64       217           mprotect
  0,01    0,003243          48        67           rt_sigaction
  0,01    0,002265          62        36           lstat
  0,01    0,002230         185        12           madvise
  0,01    0,002157          74        29           rt_sigprocmask
  0,01    0,001585         264         6           clone3
  0,00    0,001081         154         7           rseq
  0,00    0,000969         138         7           set_robust_list
  0,00    0,000897          74        12         9 newfstatat
  0,00    0,000835         835         1           execve
  0,00    0,000772          77        10         7 readlink
  0,00    0,000519          47        11           getrandom
  0,00    0,000446          55         8           pread64
  0,00    0,000409         204         2           gettid
  0,00    0,000298          49         6           fcntl
  0,00    0,000295          98         3           sched_getaffinity
  0,00    0,000278          34         8           mbind
  0,00    0,000154          77         2           prlimit64
  0,00    0,000128          64         2           write
  0,00    0,000118          59         2           unlink
  0,00    0,000065          65         1           link
  0,00    0,000064          64         1           epoll_create1
  0,00    0,000061          61         1           arch_prctl
  0,00    0,000058          58         1           set_tid_address
  0,00    0,000053          17         3           uname
  0,00    0,000051          25         2           getcwd
  0,00    0,000042          42         1           readlinkat
  0,00    0,000032          32         1         1 access
  0,00    0,000000           0         2           getpid
------ ----------- ----------- --------- --------- ------------------
100,00   31,683537         820     38610      2019 total
