% time     seconds  usecs/call     calls    errors syscall
------ ----------- ----------- --------- --------- ------------------
 92,69   26,987785      562245        48         3 futex
  2,09    0,607137          63      9570           mmap
  1,87    0,543057          63      8556           munmap
  0,90    0,262575          47      5538       558 stat
  0,51    0,148296          47      3127           fstat
  0,50    0,145061          48      2973           read
  0,41    0,120461          43      2771         2 lseek
  0,32    0,092321          50      1813        62 openat
  0,29    0,083344          47      1752           close
  0,21    0,061107          44      1385      1380 ioctl
  0,06    0,017618          52       338           getdents64
  0,06    0,016108          55       288           brk
  0,04    0,012099          55       217           mprotect
  0,02    0,004786          71        67           rt_sigaction
  0,01    0,001859          64        29           rt_sigprocmask
  0,01    0,001788         149        12           madvise
  0,01    0,001659         276         6           clone3
  0,00    0,001389          38        36           lstat
  0,00    0,000908         908         1           execve
  0,00    0,000769          76        10         7 readlink
  0,00    0,000623          77         8           mbind
  0,00    0,000603          50        12         9 newfstatat
  0,00    0,000563          51        11           getrandom
  0,00    0,000517          86         6           fcntl
  0,00    0,000393         393         1           readlinkat
  0,00    0,000355          44         8           pread64
  0,00    0,000320          45         7           rseq
  0,00    0,000232          33         7           set_robust_list
  0,00    0,000185          61         3           sched_getaffinity
  0,00    0,000120          60         2           gettid
  0,00    0,000116          58         2           getcwd
  0,00    0,000099          49         2           unlink
  0,00    0,000098          49         2           prlimit64
  0,00    0,000097          48         2           write
  0,00    0,000085          42         2           getpid
  0,00    0,000059          59         1         1 access
  0,00    0,000059          59         1           arch_prctl
  0,00    0,000052          52         1           epoll_create1
  0,00    0,000050          50         1           link
  0,00    0,000049          16         3           uname
  0,00    0,000010          10         1           set_tid_address
------ ----------- ----------- --------- --------- ------------------
100,00   29,114812         753     38620      2022 total
