% time     seconds  usecs/call     calls    errors syscall
------ ----------- ----------- --------- --------- ------------------
 92,65   31,112683      723550        43         1 futex
  1,88    0,632127          66      9577           mmap
  1,78    0,596551          69      8563           munmap
  0,98    0,328002          59      5538       558 stat
  0,57    0,192489          64      2973           read
  0,51    0,172321          55      3127           fstat
  0,45    0,150846          54      2771         2 lseek
  0,39    0,129811          71      1813        62 openat
  0,32    0,107726          61      1752           close
  0,23    0,075620          54      1385      1380 ioctl
  0,07    0,023726          70       338           getdents64
  0,05    0,017418          60       287           brk
  0,04    0,014677          67       217           mprotect
  0,02    0,006813        1135         6           clone3
  0,02    0,005557         191        29           rt_sigprocmask
  0,01    0,004236          63        67           rt_sigaction
  0,01    0,001800         150        12           madvise
  0,00    0,001483          41        36           lstat
  0,00    0,001382         197         7           rseq
  0,00    0,001303        1303         1           execve
  0,00    0,000779          64        12         9 newfstatat
  0,00    0,000681          61        11           getrandom
  0,00    0,000632          79         8           pread64
  0,00    0,000576          82         7           set_robust_list
  0,00    0,000513          64         8           mbind
  0,00    0,000467          46        10         7 readlink
  0,00    0,000457         228         2           unlink
  0,00    0,000370          61         6           fcntl
  0,00    0,000222         111         2           getpid
  0,00    0,000216         108         2           getcwd
  0,00    0,000161          53         3           sched_getaffinity
  0,00    0,000122          61         2           write
  0,00    0,000110          55         2           gettid
  0,00    0,000090          90         1           link
  0,00    0,000086          43         2           prlimit64
  0,00    0,000065          65         1           epoll_create1
  0,00    0,000059          59         1           set_tid_address
  0,00    0,000056          56         1           arch_prctl
  0,00    0,000049          16         3           uname
  0,00    0,000042          42         1           readlinkat
  0,00    0,000028          28         1         1 access
------ ----------- ----------- --------- --------- ------------------
100,00   33,582352         869     38628      2020 total
