% time     seconds  usecs/call     calls    errors syscall
------ ----------- ----------- --------- --------- ------------------
 92,71   28,584589      664757        43           futex
  1,90    0,584647          61      9570           mmap
  1,87    0,576302          67      8556           munmap
  0,96    0,294816          53      5538       558 stat
  0,53    0,163375          54      2973           read
  0,49    0,152461          48      3127           fstat
  0,43    0,131900          47      2771         2 lseek
  0,34    0,103936          57      1813        62 openat
  0,29    0,090710          51      1752           close
  0,22    0,066705          48      1385      1380 ioctl
  0,07    0,020473          60       338           getdents64
  0,06    0,017827          61       289           brk
  0,04    0,013054          60       217           mprotect
  0,04    0,013038        2173         6           clone3
  0,01    0,003904         134        29           rt_sigprocmask
  0,01    0,003323          49        67           rt_sigaction
  0,01    0,002929         244        12           madvise
  0,01    0,002184          60        36           lstat
  0,00    0,000793          66        12         9 newfstatat
  0,00    0,000599          54        11           getrandom
  0,00    0,000568          56        10         7 readlink
  0,00    0,000475          59         8           mbind
  0,00    0,000429          61         7           set_robust_list
  0,00    0,000423          52         8           pread64
  0,00    0,000414          69         6           fcntl
  0,00    0,000290          41         7           rseq
  0,00    0,000157          52         3           sched_getaffinity
  0,00    0,000126          63         2           write
  0,00    0,000110          55         2           gettid
  0,00    0,000109          54         2           prlimit64
  0,00    0,000108          54         2           getpid
  0,00    0,000100          50         2           unlink
  0,00    0,000097          48         2           getcwd
  0,00    0,000065          65         1         1 access
  0,00    0,000063          63         1           arch_prctl
  0,00    0,000061          20         3           uname
  0,00    0,000057          57         1           set_tid_address
  0,00    0,000050          50         1           link
  0,00    0,000000           0         1           execve
  0,00    0,000000           0         1           readlinkat
  0,00    0,000000           0         1           epoll_create1
------ ----------- ----------- --------- --------- ------------------
100,00   30,831267         798     38616      2019 total
