% time     seconds  usecs/call     calls    errors syscall
------ ----------- ----------- --------- --------- ------------------
 92,63   24,313702      578897        42         1 futex
  1,61    0,421316          63      6653           mmap
  1,60    0,418931          71      5826           munmap
  1,15    0,301018          58      5129       518 stat
  0,62    0,161841          59      2741           read
  0,59    0,155940          54      2882           fstat
  0,51    0,134041          52      2575         2 lseek
  0,40    0,104099          63      1633        29 openat
  0,37    0,098370          61      1605           close
  0,26    0,068020          52      1287      1282 ioctl
  0,08    0,020261          64       312           getdents64
  0,07    0,018411         104       176           mprotect
  0,06    0,016278          61       263           brk
  0,01    0,003223          48        67           rt_sigaction
  0,01    0,002353          65        36           lstat
  0,01    0,002174          74        29           rt_sigprocmask
  0,01    0,002004         334         6           clone3
  0,01    0,001634         136        12           madvise
  0,00    0,000659         659         1           execve
  0,00    0,000616          61        10         7 readlink
  0,00    0,000474          39        12         9 newfstatat
  0,00    0,000441          73         6           fcntl
  0,00    0,000411          51         8           pread64
  0,00    0,000399          49         8           mbind
  0,00    0,000386          55         7           set_robust_list
  0,00    0,000340          48         7           rseq
  0,00    0,000261          23        11           getrandom
  0,00    0,000162         162         1           set_tid_address
  0,00    0,000154          51         3           sched_getaffinity
  0,00    0,000139          69         2           unlink
  0,00    0,000117          58         2           gettid
  0,00    0,000105          52         2           getcwd
  0,00    0,000098          49         2           prlimit64
  0,00    0,000057          28         2           write
  0,00    0,000056          56         1           arch_prctl
  0,00    0,000052          52         1           epoll_create1
  0,00    0,000040          13         3           uname
  0,00    0,000021          21         1           readlinkat
  0,00    0,000009           9         1         1 access
  0,00    0,000000           0         2           getpid
  0,00    0,000000           0         1           link
------ ----------- ----------- --------- --------- ------------------
100,00   26,248613         836     31368      1849 total
