% time     seconds  usecs/call     calls    errors syscall
------ ----------- ----------- --------- --------- ------------------
 92,92   25,042373      582380        43           futex
  1,48    0,399819          60      6652           mmap
  1,39    0,373477          64      5825           munmap
  1,18    0,317807          61      5129       518 stat
  0,62    0,167845          61      2741           read
  0,58    0,156949          54      2882           fstat
  0,51    0,137741          53      2575         2 lseek
  0,41    0,109519          68      1605           close
  0,40    0,107849          66      1633        29 openat
  0,26    0,069004          53      1287      1282 ioctl
  0,08    0,021576          69       312           getdents64
  0,06    0,015761          60       262           brk
  0,05    0,012240          69       176           mprotect
  0,02    0,004857          72        67           rt_sigaction
  0,01    0,002155          59        36           lstat
  0,01    0,002061          71        29           rt_sigprocmask
  0,01    0,002024         337         6           clone3
  0,01    0,001555         129        12           madvise
  0,00    0,000683         683         1           execve
  0,00    0,000674          61        11           getrandom
  0,00    0,000639          53        12         9 newfstatat
  0,00    0,000578          57        10         7 readlink
  0,00    0,000571          81         7           set_robust_list
  0,00    0,000535          66         8           mbind
  0,00    0,000439          54         8           pread64
  0,00    0,000410          58         7           rseq
  0,00    0,000369          61         6           fcntl
  0,00    0,000298         149         2           unlink
  0,00    0,000212          70         3           sched_getaffinity
  0,00    0,000157          78         2           getcwd
  0,00    0,000146          73         2           write
  0,00    0,000109          54         2           getpid
  0,00    0,000108          54         2           prlimit64
  0,00    0,000101          33         3           uname
  0,00    0,000101          50         2           gettid
  0,00    0,000089          89         1           readlinkat
  0,00    0,000077          77         1           link
  0,00    0,000064          64         1           epoll_create1
  0,00    0,000058          58         1         1 access
  0,00    0,000056          56         1           set_tid_address
  0,00    0,000011          11         1           arch_prctl
------ ----------- ----------- --------- --------- ------------------
100,00   26,951097         859     31366      1848 total
