% time     seconds  usecs/call     calls    errors syscall
------ ----------- ----------- --------- --------- ------------------
 92,85   24,472337      509840        48         2 futex
  1,69    0,444518          66      6716           mmap
  1,54    0,405144          68      5889           munmap
  1,13    0,298885          58      5129       518 stat
  0,58    0,151884          55      2741           read
  0,54    0,142538          49      2882           fstat
  0,47    0,125066          48      2575         2 lseek
  0,37    0,097589          59      1633        29 openat
  0,33    0,088056          54      1605           close
  0,25    0,065880          51      1287      1282 ioctl
  0,07    0,018903          60       312           getdents64
  0,06    0,014946          57       262           brk
  0,06    0,014849          84       176           mprotect
  0,01    0,002918          43        67           rt_sigaction
  0,01    0,002302          63        36           lstat
  0,01    0,002082          71        29           rt_sigprocmask
  0,01    0,001964         327         6           clone3
  0,00    0,001157          96        12           madvise
  0,00    0,000894         894         1           execve
  0,00    0,000672          67        10         7 readlink
  0,00    0,000632          79         8           mbind
  0,00    0,000533          76         7           rseq
  0,00    0,000400          50         8           pread64
  0,00    0,000393          32        12         9 newfstatat
  0,00    0,000390          35        11           getrandom
  0,00    0,000254          42         6           fcntl
  0,00    0,000235          33         7           set_robust_list
  0,00    0,000142          47         3           sched_getaffinity
  0,00    0,000117          58         2           getcwd
  0,00    0,000111          55         2           write
  0,00    0,000107          53         2           gettid
  0,00    0,000101          50         2           prlimit64
  0,00    0,000057          57         1           arch_prctl
  0,00    0,000056          56         1           set_tid_address
  0,00    0,000044          14         3           uname
  0,00    0,000042          42         1           readlinkat
  0,00    0,000013           6         2           unlink
  0,00    0,000010          10         1           link
  0,00    0,000006           3         2           getpid
  0,00    0,000005           5         1         1 access
  0,00    0,000000           0         1           epoll_create1
------ ----------- ----------- --------- --------- ------------------
100,00   26,356232         836     31499      1850 total
