% time     seconds  usecs/call     calls    errors syscall
------ ----------- ----------- --------- --------- ------------------
 92,21   21,242244      494005        43           futex
  1,68    0,387738          57      6716           mmap
  1,58    0,362864          61      5889           munmap
  1,31    0,300635          58      5134       519 stat
  0,67    0,154088          55      2760           read
  0,64    0,146427          50      2901           fstat
  0,55    0,126579          48      2594         2 lseek
  0,44    0,101360          60      1676        62 openat
  0,38    0,088100          54      1615           close
  0,28    0,064276          49      1297      1292 ioctl
  0,09    0,021039          67       312           getdents64
  0,07    0,015552          59       263           brk
  0,05    0,011236          63       176           mprotect
  0,02    0,003896          58        67           rt_sigaction
  0,01    0,001666          46        36           lstat
  0,01    0,001563          53        29           rt_sigprocmask
  0,01    0,001301         108        12           madvise
  0,00    0,000886         147         6           clone3
  0,00    0,000826          68        12         9 newfstatat
  0,00    0,000677         677         1           execve
  0,00    0,000592          59        10         7 readlink
  0,00    0,000560          50        11           getrandom
  0,00    0,000475          59         8           mbind
  0,00    0,000413          51         8           pread64
  0,00    0,000340         170         2           gettid
  0,00    0,000292          48         6           fcntl
  0,00    0,000176          25         7           set_robust_list
  0,00    0,000165          23         7           rseq
  0,00    0,000135          67         2           prlimit64
  0,00    0,000129          64         2           unlink
  0,00    0,000119          59         2           getcwd
  0,00    0,000109          54         2           getpid
  0,00    0,000102          34         3           sched_getaffinity
  0,00    0,000100          33         3           uname
  0,00    0,000079          39         2           write
  0,00    0,000065          65         1           link
  0,00    0,000065          65         1           epoll_create1
  0,00    0,000042          42         1           arch_prctl
  0,00    0,000019          19         1           readlinkat
  0,00    0,000006           6         1           set_tid_address
  0,00    0,000003           3         1         1 access
------ ----------- ----------- --------- --------- ------------------
100,00   23,036939         728     31620      1892 total
