% time     seconds  usecs/call     calls    errors syscall
------ ----------- ----------- --------- --------- ------------------
 92,57   22,559090      524630        43         2 futex
  1,67    0,407034          61      6652           mmap
  1,50    0,366588          62      5825           munmap
  1,19    0,289712          56      5134       519 stat
  0,63    0,154001          55      2760           read
  0,58    0,140481          48      2901           fstat
  0,51    0,125119          48      2594         2 lseek
  0,41    0,100851          60      1676        62 openat
  0,38    0,093011          57      1615           close
  0,26    0,062977          48      1297      1292 ioctl
  0,10    0,024975          95       261           brk
  0,08    0,020056          64       312           getdents64
  0,05    0,011663          66       176           mprotect
  0,01    0,003545          52        67           rt_sigaction
  0,01    0,002571          71        36           lstat
  0,01    0,001431          49        29           rt_sigprocmask
  0,01    0,001269         105        12           madvise
  0,00    0,000949         949         1           execve
  0,00    0,000813          67        12         9 newfstatat
  0,00    0,000634          79         8           mbind
  0,00    0,000617         102         6           clone3
  0,00    0,000611          61        10         7 readlink
  0,00    0,000370          33        11           getrandom
  0,00    0,000324          40         8           pread64
  0,00    0,000318          53         6           fcntl
  0,00    0,000266          88         3           sched_getaffinity
  0,00    0,000202          28         7           rseq
  0,00    0,000186          26         7           set_robust_list
  0,00    0,000114          57         2           gettid
  0,00    0,000109          54         2           prlimit64
  0,00    0,000102          51         2           getcwd
  0,00    0,000087          87         1           readlinkat
  0,00    0,000065          65         1           epoll_create1
  0,00    0,000057          57         1           set_tid_address
  0,00    0,000055          55         1           arch_prctl
  0,00    0,000054          54         1         1 access
  0,00    0,000048          16         3           uname
  0,00    0,000044          22         2           write
  0,00    0,000000           0         2           getpid
  0,00    0,000000           0         1           link
  0,00    0,000000           0         2           unlink
------ ----------- ----------- --------- --------- ------------------
100,00   24,370399         773     31490      1894 total
