% time     seconds  usecs/call     calls    errors syscall
------ ----------- ----------- --------- --------- ------------------
 92,55   21,741700      483148        45         3 futex
  1,73    0,407129          60      6715           mmap
  1,56    0,367335          62      5888           munmap
  1,17    0,274878          53      5134       519 stat
  0,62    0,144654          52      2760           read
  0,60    0,141238          48      2901           fstat
  0,51    0,119494          46      2594         2 lseek
  0,40    0,093626          55      1676        62 openat
  0,34    0,080228          49      1615           close
  0,26    0,061365          47      1297      1292 ioctl
  0,08    0,017903          57       312           getdents64
  0,06    0,014552          55       264           brk
  0,05    0,011075          62       176           mprotect
  0,02    0,003871         133        29           rt_sigprocmask
  0,01    0,002946          43        67           rt_sigaction
  0,01    0,002513         418         6           clone3
  0,01    0,002234         186        12           madvise
  0,01    0,001237          34        36           lstat
  0,00    0,000777          70        11           getrandom
  0,00    0,000539          44        12         9 newfstatat
  0,00    0,000538          76         7           set_robust_list
  0,00    0,000533          66         8           pread64
  0,00    0,000520          52        10         7 readlink
  0,00    0,000424          53         8           mbind
  0,00    0,000342          57         6           fcntl
  0,00    0,000282          40         7           rseq
  0,00    0,000176          58         3           sched_getaffinity
  0,00    0,000133          66         2           unlink
  0,00    0,000112          56         2           write
  0,00    0,000102          51         2           getcwd
  0,00    0,000088          29         3           uname
  0,00    0,000078          78         1           link
  0,00    0,000073          36         2           prlimit64
  0,00    0,000063          31         2           getpid
  0,00    0,000052          26         2           gettid
  0,00    0,000045          45         1           epoll_create1
  0,00    0,000035          35         1           arch_prctl
  0,00    0,000033          33         1           set_tid_address
  0,00    0,000000           0         1         1 access
  0,00    0,000000           0         1           execve
  0,00    0,000000           0         1           readlinkat
------ ----------- ----------- --------- --------- ------------------
100,00   23,492923         742     31621      1895 total
