% time     seconds  usecs/call     calls    errors syscall
------ ----------- ----------- --------- --------- ------------------
 92,25   20,817686      484132        43           futex
  1,71    0,385161          57      6653           mmap
  1,57    0,354679          60      5826           munmap
  1,24    0,279703          54      5134       519 stat
  0,68    0,153565          55      2760           read
  0,64    0,143756          49      2901           fstat
  0,57    0,127611          49      2594         2 lseek
  0,43    0,096204          57      1676        62 openat
  0,38    0,085170          52      1615           close
  0,29    0,064932          50      1297      1292 ioctl
  0,09    0,019246          61       312           getdents64
  0,07    0,014786          55       266           brk
  0,05    0,010170          57       176           mprotect
  0,01    0,002752          41        67           rt_sigaction
  0,01    0,002043          56        36           lstat
  0,01    0,001967         327         6           clone3
  0,01    0,001565          53        29           rt_sigprocmask
  0,01    0,001541         128        12           madvise
  0,00    0,000947          94        10         7 readlink
  0,00    0,000772          64        12         9 newfstatat
  0,00    0,000417          52         8           pread64
  0,00    0,000410          51         8           mbind
  0,00    0,000276          46         6           fcntl
  0,00    0,000255          23        11           getrandom
  0,00    0,000166          55         3           uname
  0,00    0,000159          22         7           rseq
  0,00    0,000151          75         2           getcwd
  0,00    0,000149          21         7           set_robust_list
  0,00    0,000142          47         3           sched_getaffinity
  0,00    0,000128          64         2           write
  0,00    0,000123          61         2           unlink
  0,00    0,000109          54         2           getpid
  0,00    0,000074          74         1           epoll_create1
  0,00    0,000070          70         1           link
  0,00    0,000055          27         2           gettid
  0,00    0,000055          27         2           prlimit64
  0,00    0,000000           0         1         1 access
  0,00    0,000000           0         1           execve
  0,00    0,000000           0         1           arch_prctl
  0,00    0,000000           0         1           set_tid_address
  0,00    0,000000           0         1           readlinkat
------ ----------- ----------- --------- --------- ------------------
100,00   22,566995         716     31497      1892 total
