% time     seconds  usecs/call     calls    errors syscall
------ ----------- ----------- --------- --------- ------------------
 92,22   21,793028      506814        43           futex
  1,69    0,399734          59      6716           mmap
  1,63    0,384659          65      5889           munmap
  1,21    0,284956          55      5134       519 stat
  0,70    0,165312          59      2760           read
  0,62    0,146808          50      2901           fstat
  0,54    0,128082          49      2594         2 lseek
  0,45    0,105243          62      1676        62 openat
  0,38    0,090232          55      1615           close
  0,28    0,065146          50      1297      1292 ioctl
  0,08    0,020006          64       312           getdents64
  0,06    0,014537          55       260           brk
  0,05    0,010988          62       176           mprotect
  0,02    0,005595        5595         1           execve
  0,02    0,003574          53        67           rt_sigaction
  0,01    0,002751          76        36           lstat
  0,01    0,001717          59        29           rt_sigprocmask
  0,01    0,001681         280         6           clone3
  0,01    0,001423         118        12           madvise
  0,00    0,000579          52        11           getrandom
  0,00    0,000539          77         7           rseq
  0,00    0,000535          44        12         9 newfstatat
  0,00    0,000509          63         8           pread64
  0,00    0,000491          49        10         7 readlink
  0,00    0,000429          53         8           mbind
  0,00    0,000408          58         7           set_robust_list
  0,00    0,000354          59         6           fcntl
  0,00    0,000179          59         3           sched_getaffinity
  0,00    0,000127          63         2           unlink
  0,00    0,000114          57         2           gettid
  0,00    0,000104          52         2           prlimit64
  0,00    0,000099          49         2           getpid
  0,00    0,000096          48         2           getcwd
  0,00    0,000066          66         1           link
  0,00    0,000060          60         1           epoll_create1
  0,00    0,000059          29         2           write
  0,00    0,000057          57         1           arch_prctl
  0,00    0,000055          55         1           set_tid_address
  0,00    0,000044          14         3           uname
  0,00    0,000000           0         1         1 access
  0,00    0,000000           0         1           readlinkat
------ ----------- ----------- --------- --------- ------------------
100,00   23,630376         747     31617      1892 total
