% time     seconds  usecs/call     calls    errors syscall
------ ----------- ----------- --------- --------- ------------------
 92,56   22,737392      528776        43         1 futex
  1,69    0,415436          61      6715           mmap
  1,59    0,389619          66      5888           munmap
  1,14    0,280223          54      5134       519 stat
  0,63    0,153812          55      2760           read
  0,60    0,146754          50      2901           fstat
  0,50    0,123599          47      2594         2 lseek
  0,41    0,099721          59      1676        62 openat
  0,35    0,086231          53      1615           close
  0,26    0,062974          48      1297      1292 ioctl
  0,08    0,020758          66       312           getdents64
  0,06    0,014821          56       261           brk
  0,05    0,011739          66       176           mprotect
  0,02    0,004205          62        67           rt_sigaction
  0,01    0,002736         228        12           madvise
  0,01    0,002696         449         6           clone3
  0,01    0,002539          87        29           rt_sigprocmask
  0,01    0,002187          60        36           lstat
  0,00    0,000780          97         8           pread64
  0,00    0,000708         708         1           execve
  0,00    0,000683          56        12         9 newfstatat
  0,00    0,000669          83         8           mbind
  0,00    0,000639          63        10         7 readlink
  0,00    0,000604          86         7           set_robust_list
  0,00    0,000474          43        11           getrandom
  0,00    0,000345         345         1           link
  0,00    0,000305          50         6           fcntl
  0,00    0,000208          29         7           rseq
  0,00    0,000169          56         3           sched_getaffinity
  0,00    0,000166          83         2           unlink
  0,00    0,000148          74         2           getpid
  0,00    0,000122          61         2           write
  0,00    0,000109          54         2           prlimit64
  0,00    0,000102          51         2           gettid
  0,00    0,000091          45         2           getcwd
  0,00    0,000089          89         1           readlinkat
  0,00    0,000086          86         1           arch_prctl
  0,00    0,000076          76         1           set_tid_address
  0,00    0,000062          20         3           uname
  0,00    0,000000           0         1         1 access
  0,00    0,000000           0         1           epoll_create1
------ ----------- ----------- --------- --------- ------------------
100,00   24,564077         776     31616      1893 total
