% time     seconds  usecs/call     calls    errors syscall
------ ----------- ----------- --------- --------- ------------------
 92,44   20,806980      462377        45         3 futex
  1,70    0,383056          57      6716           mmap
  1,53    0,345388          58      5889           munmap
  1,17    0,263222          51      5134       519 stat
  0,65    0,146025          52      2760           read
  0,61    0,137732          47      2901           fstat
  0,54    0,121408          46      2594         2 lseek
  0,43    0,096236          57      1676        62 openat
  0,37    0,083803          51      1615           close
  0,28    0,062868          48      1297      1292 ioctl
  0,08    0,018130          58       312           getdents64
  0,07    0,015768          59       265           brk
  0,05    0,010477          59       176           mprotect
  0,02    0,003523         587         6           clone3
  0,01    0,002984          44        67           rt_sigaction
  0,01    0,002221          76        29           rt_sigprocmask
  0,01    0,002031          56        36           lstat
  0,01    0,001226         175         7           rseq
  0,00    0,000665          55        12         9 newfstatat
  0,00    0,000600          60        10         7 readlink
  0,00    0,000579          72         8           pread64
  0,00    0,000492          44        11           getrandom
  0,00    0,000484          60         8           mbind
  0,00    0,000468          66         7           set_robust_list
  0,00    0,000409          34        12           madvise
  0,00    0,000299          49         6           fcntl
  0,00    0,000264         264         1         1 access
  0,00    0,000262         131         2           unlink
  0,00    0,000154          51         3           sched_getaffinity
  0,00    0,000126          42         3           uname
  0,00    0,000108          54         2           getpid
  0,00    0,000097          48         2           gettid
  0,00    0,000095          47         2           getcwd
  0,00    0,000094          47         2           write
  0,00    0,000067          33         2           prlimit64
  0,00    0,000059          59         1           set_tid_address
  0,00    0,000053          53         1           arch_prctl
  0,00    0,000051          51         1           epoll_create1
  0,00    0,000050          50         1           link
  0,00    0,000000           0         1           execve
  0,00    0,000000           0         1           readlinkat
------ ----------- ----------- --------- --------- ------------------
100,00   22,508554         711     31624      1895 total
