% time     seconds  usecs/call     calls    errors syscall
------ ----------- ----------- --------- --------- ------------------
 92,51   22,430461      521638        43         1 futex
  1,71    0,415482          61      6716           mmap
  1,58    0,383134          65      5889           munmap
  1,18    0,285516          55      5134       519 stat
  0,63    0,152287          55      2760           read
  0,60    0,144661          49      2901           fstat
  0,51    0,124664          48      2594         2 lseek
  0,40    0,097450          58      1676        62 openat
  0,36    0,086107          53      1615           close
  0,27    0,064879          50      1297      1292 ioctl
  0,08    0,019495          62       312           getdents64
  0,07    0,016084          60       265           brk
  0,05    0,011218          63       176           mprotect
  0,01    0,003608          53        67           rt_sigaction
  0,01    0,002145          73        29           rt_sigprocmask
  0,01    0,001415          39        36           lstat
  0,01    0,001250         208         6           clone3
  0,00    0,001185          98        12           madvise
  0,00    0,000765         109         7           set_robust_list
  0,00    0,000735          73        10         7 readlink
  0,00    0,000511          46        11           getrandom
  0,00    0,000453          37        12         9 newfstatat
  0,00    0,000398          56         7           rseq
  0,00    0,000370          46         8           mbind
  0,00    0,000342         171         2           getpid
  0,00    0,000315          39         8           pread64
  0,00    0,000275          45         6           fcntl
  0,00    0,000164          82         2           write
  0,00    0,000136          45         3           sched_getaffinity
  0,00    0,000134          67         2           unlink
  0,00    0,000108          54         2           gettid
  0,00    0,000103          51         2           getcwd
  0,00    0,000095          31         3           uname
  0,00    0,000095          47         2           prlimit64
  0,00    0,000064          64         1           link
  0,00    0,000055          55         1           arch_prctl
  0,00    0,000055          55         1           set_tid_address
  0,00    0,000043          43         1           epoll_create1
  0,00    0,000000           0         1         1 access
  0,00    0,000000           0         1           execve
  0,00    0,000000           0         1           readlinkat
------ ----------- ----------- --------- --------- ------------------
100,00   24,246257         766     31622      1893 total
