% time     seconds  usecs/call     calls    errors syscall
------ ----------- ----------- --------- --------- ------------------
 92,71   22,608327      525775        43         1 futex
  1,73    0,421455          62      6716           mmap
  1,63    0,396763          67      5889           munmap
  1,08    0,262666          51      5134       519 stat
  0,58    0,141566          51      2760           read
  0,55    0,133599          46      2901           fstat
  0,48    0,117662          45      2594         2 lseek
  0,37    0,091166          54      1676        62 openat
  0,36    0,087401          54      1615           close
  0,24    0,058884          45      1297      1292 ioctl
  0,08    0,019086          61       312           getdents64
  0,07    0,016772          64       261           brk
  0,05    0,011112          63       176           mprotect
  0,01    0,003631          54        67           rt_sigaction
  0,01    0,003526         293        12           madvise
  0,01    0,002702         450         6           clone3
  0,01    0,002502          86        29           rt_sigprocmask
  0,00    0,000994          27        36           lstat
  0,00    0,000908         129         7           set_robust_list
  0,00    0,000708          64        11           getrandom
  0,00    0,000539          77         7           rseq
  0,00    0,000523          52        10         7 readlink
  0,00    0,000481          40        12         9 newfstatat
  0,00    0,000327          54         6           fcntl
  0,00    0,000303          37         8           pread64
  0,00    0,000161          20         8           mbind
  0,00    0,000160          80         2           prlimit64
  0,00    0,000113          37         3           uname
  0,00    0,000109          54         2           gettid
  0,00    0,000100          50         2           getcwd
  0,00    0,000098          49         2           unlink
  0,00    0,000094          47         2           write
  0,00    0,000094          31         3           sched_getaffinity
  0,00    0,000083          41         2           getpid
  0,00    0,000058          58         1           link
  0,00    0,000058          58         1           set_tid_address
  0,00    0,000050          50         1           arch_prctl
  0,00    0,000047          47         1           epoll_create1
  0,00    0,000000           0         1         1 access
  0,00    0,000000           0         1           execve
  0,00    0,000000           0         1           readlinkat
------ ----------- ----------- --------- --------- ------------------
100,00   24,384828         771     31618      1893 total
