% time     seconds  usecs/call     calls    errors syscall
------ ----------- ----------- --------- --------- -------------------
 89,58   52,279252      917179        57         2 futex
  2,33    1,358445          66     20349           mmap
  2,30    1,340207          70     18986           munmap
  1,80    1,049696          60     17223      2556 stat
  0,91    0,532726          66      7954           read
  0,73    0,427457          53      7971           fstat
  0,65    0,378755          52      7218         5 lseek
  0,51    0,300110          64      4622       188 openat
  0,44    0,256767          57      4447           close
  0,33    0,191450          52      3638      3633 ioctl
  0,12    0,068344          65      1046           getdents64
  0,07    0,042877          59       720           brk
  0,06    0,033185       33185         1           wait4
  0,04    0,024240          80       300           mprotect
  0,04    0,022769          81       279           uname
  0,02    0,009748          61       158       149 newfstatat
  0,02    0,009361          68       137           rt_sigaction
  0,01    0,008156         129        63           rt_sigprocmask
  0,01    0,005003         333        15           clone3
  0,00    0,002704         128        21           madvise
  0,00    0,002484        1242         2           clock_nanosleep
  0,00    0,002044         120        17           rseq
  0,00    0,001618          44        36           lstat
  0,00    0,001451          96        15           write
  0,00    0,001411          83        17           set_robust_list
  0,00    0,001027         146         7         5 execve
  0,00    0,000953          86        11           sched_getaffinity
  0,00    0,000717         119         6         5 access
  0,00    0,000710         177         4           getcwd
  0,00    0,000676          61        11         7 readlink
  0,00    0,000525          58         9           fcntl
  0,00    0,000442          34        13           getrandom
  0,00    0,000354         354         1           sched_getscheduler
  0,00    0,000352          50         7           statx
  0,00    0,000312         104         3           sigaltstack
  0,00    0,000299          37         8           mbind
  0,00    0,000269          53         5           gettid
  0,00    0,000243         243         1           prctl
  0,00    0,000239          23        10           pread64
  0,00    0,000226          75         3           unlink
  0,00    0,000200         200         1           vfork
  0,00    0,000171         171         1           sysinfo
  0,00    0,000155          38         4           prlimit64
  0,00    0,000153          51         3           getpid
  0,00    0,000133         133         1           sched_getparam
  0,00    0,000127          63         2         2 statfs
  0,00    0,000125          62         2           pipe2
  0,00    0,000080          80         1           bind
  0,00    0,000065          65         1           socket
  0,00    0,000065          65         1           epoll_create1
  0,00    0,000064          32         2           eventfd2
  0,00    0,000062          62         1           poll
  0,00    0,000060          60         1           link
  0,00    0,000055          27         2           arch_prctl
  0,00    0,000055          27         2           set_tid_address
  0,00    0,000000           0         2           dup2
  0,00    0,000000           0         1           readlinkat
------ ----------- ----------- --------- --------- -------------------
100,00   58,359174         611     95419      6552 total
