% time     seconds  usecs/call     calls    errors syscall
------ ----------- ----------- --------- --------- -------------------
 89,28   47,841835      736028        65         1 futex
  2,48    1,327107          65     20352           mmap
  2,40    1,286423          67     18984           munmap
  1,81    0,967503          56     17223      2556 stat
  0,84    0,447694          56      7954           read
  0,78    0,417835          52      7971           fstat
  0,69    0,367257          50      7218         5 lseek
  0,52    0,277873          60      4622       188 openat
  0,46    0,247726          55      4447           close
  0,34    0,183595          50      3638      3633 ioctl
  0,12    0,063684          60      1046           getdents64
  0,08    0,040644          56       721           brk
  0,06    0,031691       31690         1           wait4
  0,04    0,019047          63       300           mprotect
  0,03    0,016799          60       279           uname
  0,02    0,010248          64       158       149 newfstatat
  0,02    0,008255          60       137           rt_sigaction
  0,01    0,006870          96        71           rt_sigprocmask
  0,00    0,002544         169        15           clone3
  0,00    0,002420         142        17           rseq
  0,00    0,002119         302         7         5 execve
  0,00    0,001845          87        21           madvise
  0,00    0,001676          46        36           lstat
  0,00    0,001447          96        15           write
  0,00    0,001251          73        17           set_robust_list
  0,00    0,000869          79        11           sched_getaffinity
  0,00    0,000818          81        10           pread64
  0,00    0,000604          46        13           getrandom
  0,00    0,000577          64         9           fcntl
  0,00    0,000551         275         2         2 statfs
  0,00    0,000540          49        11         7 readlink
  0,00    0,000494         494         1           vfork
  0,00    0,000482          68         7           statx
  0,00    0,000447          55         8           mbind
  0,00    0,000392          65         6         5 access
  0,00    0,000288          57         5           gettid
  0,00    0,000256          64         4           getcwd
  0,00    0,000231          77         3           unlink
  0,00    0,000223         111         2           dup2
  0,00    0,000210          52         4           prlimit64
  0,00    0,000205          68         3           sigaltstack
  0,00    0,000144          48         3           getpid
  0,00    0,000140          70         2           eventfd2
  0,00    0,000119          59         2           pipe2
  0,00    0,000109          54         2           set_tid_address
  0,00    0,000108          54         2           arch_prctl
  0,00    0,000100         100         1           bind
  0,00    0,000098          98         1           poll
  0,00    0,000075          75         1           prctl
  0,00    0,000070          70         1           socket
  0,00    0,000065          65         1           epoll_create1
  0,00    0,000054          54         1           link
  0,00    0,000043          43         1           readlinkat
  0,00    0,000007           7         1           sysinfo
  0,00    0,000000           0         4           sched_getparam
  0,00    0,000000           0         4           sched_getscheduler
  0,00    0,000000           0         2           clock_nanosleep
------ ----------- ----------- --------- --------- -------------------
100,00   53,583707         561     95443      6551 total
