% time     seconds  usecs/call     calls    errors syscall
------ ----------- ----------- --------- --------- ------------------
 88,54   43,791221      810948        54         1 futex
  2,51    1,241195          60     20349           mmap
  2,50    1,236825          65     18987           munmap
  2,02    0,997000          57     17223      2556 stat
  0,93    0,459188          57      7954           read
  0,84    0,416604          52      7971           fstat
  0,77    0,379411          52      7218         5 lseek
  0,58    0,288917          62      4621       187 openat
  0,52    0,256524          57      4447           close
  0,39    0,191065          52      3638      3633 ioctl
  0,14    0,067211          64      1046           getdents64
  0,07    0,036777          50       722           brk
  0,05    0,023591       23591         1           wait4
  0,04    0,018505          61       300           mprotect
  0,02    0,009690          61       158       149 newfstatat
  0,01    0,007271         108        67           rt_sigprocmask
  0,01    0,006912          50       137           rt_sigaction
  0,01    0,006237          22       279           uname
  0,01    0,005005         333        15           clone3
  0,01    0,002691          74        36           lstat
  0,00    0,002190         104        21           madvise
  0,00    0,001533         102        15           write
  0,00    0,001394          82        17           rseq
  0,00    0,001313          77        17           set_robust_list
  0,00    0,000993         198         5           gettid
  0,00    0,000962         137         7         5 execve
  0,00    0,000756          68        11         7 readlink
  0,00    0,000686          68        10           pread64
  0,00    0,000584          64         9           fcntl
  0,00    0,000526          40        13           getrandom
  0,00    0,000522          47        11           sched_getaffinity
  0,00    0,000472          59         8           mbind
  0,00    0,000467         467         1           vfork
  0,00    0,000303         101         3           unlink
  0,00    0,000290          41         7           statx
  0,00    0,000191          47         4           prlimit64
  0,00    0,000162          54         3           getpid
  0,00    0,000155          25         6         5 access
  0,00    0,000134         134         1           bind
  0,00    0,000128          42         3           sigaltstack
  0,00    0,000119          59         2           pipe2
  0,00    0,000106          26         4           getcwd
  0,00    0,000094          47         2           arch_prctl
  0,00    0,000093          46         2           set_tid_address
  0,00    0,000086          43         2         2 statfs
  0,00    0,000085          42         2           eventfd2
  0,00    0,000073          73         1           socket
  0,00    0,000070          70         1           sysinfo
  0,00    0,000064          64         1           link
  0,00    0,000060          60         1           epoll_create1
  0,00    0,000043          43         1           poll
  0,00    0,000041          41         1           prctl
  0,00    0,000000           0         2           dup2
  0,00    0,000000           0         1           readlinkat
------ ----------- ----------- --------- --------- ------------------
100,00   49,456535         518     95418      6550 total
