% time     seconds  usecs/call     calls    errors syscall
------ ----------- ----------- --------- --------- -------------------
 89,30   48,063878      284401       169        11 futex
  2,43    1,307679          64     20386           mmap
  2,37    1,275779          67     19006           munmap
  1,79    0,962273          55     17347      2563 stat
  0,84    0,449418          55      8048           read
  0,77    0,413373          51      8064           fstat
  0,67    0,361197          49      7307         5 lseek
  0,58    0,313860          66      4707       221 openat
  0,46    0,245410          54      4499           close
  0,34    0,182595          49      3683      3678 ioctl
  0,12    0,063404          60      1050           getdents64
  0,07    0,035754          48       731           brk
  0,05    0,026895       26895         1           wait4
  0,04    0,019534          62       315           mprotect
  0,03    0,017493          49       355           gettid
  0,03    0,017240          43       397           uname
  0,02    0,011813          95       124           rt_sigprocmask
  0,02    0,011241         401        28           clone3
  0,02    0,009426          59       158       149 newfstatat
  0,01    0,005221          38       137           rt_sigaction
  0,01    0,005154         112        46           madvise
  0,01    0,003087         102        30           set_robust_list
  0,01    0,002881          50        57           sched_getaffinity
  0,00    0,002589         172        15           write
  0,00    0,002448          81        30           rseq
  0,00    0,002365          65        36           lstat
  0,00    0,001578         789         2           clock_nanosleep
  0,00    0,000999         142         7         5 execve
  0,00    0,000807          67        12           sysinfo
  0,00    0,000602          54        11         7 readlink
  0,00    0,000557          42        13           getrandom
  0,00    0,000532         106         5           sched_getparam
  0,00    0,000467          46        10           pread64
  0,00    0,000451          56         8           mbind
  0,00    0,000440          48         9           fcntl
  0,00    0,000411          58         7           statx
  0,00    0,000401         133         3           sigaltstack
  0,00    0,000379          75         5           sched_getscheduler
  0,00    0,000346         115         3           getpid
  0,00    0,000311         103         3           unlink
  0,00    0,000275          45         6         5 access
  0,00    0,000233          58         4           prlimit64
  0,00    0,000211         211         1           vfork
  0,00    0,000155          38         4           getcwd
  0,00    0,000145          72         2           set_tid_address
  0,00    0,000134          67         2           pipe2
  0,00    0,000121          60         2         2 statfs
  0,00    0,000109          54         2           arch_prctl
  0,00    0,000065          65         1           link
  0,00    0,000064          64         1           epoll_create1
  0,00    0,000059          59         1           poll
  0,00    0,000056          56         1           prctl
  0,00    0,000055          27         2           eventfd2
  0,00    0,000000           0         2           dup2
  0,00    0,000000           0         1           socket
  0,00    0,000000           0         1           bind
  0,00    0,000000           0         1           readlinkat
------ ----------- ----------- --------- --------- -------------------
100,00   53,821970         555     96858      6646 total
