% time     seconds  usecs/call     calls    errors syscall
------ ----------- ----------- --------- --------- -------------------
 89,79   52,398002      297715       176        12 futex
  2,31    1,349525          66     20386           mmap
  2,27    1,324685          69     19006           munmap
  1,70    0,992541          57     17347      2563 stat
  0,78    0,457949          56      8048           read
  0,71    0,416761          51      8064           fstat
  0,64    0,372580          50      7307         5 lseek
  0,50    0,292967          62      4707       221 openat
  0,43    0,252388          56      4499           close
  0,32    0,189476          51      3683      3678 ioctl
  0,11    0,064781          61      1050           getdents64
  0,10    0,057620         464       124           rt_sigprocmask
  0,06    0,036548          49       736           brk
  0,06    0,034549       34549         1           wait4
  0,04    0,021014          66       315           mprotect
  0,03    0,016239          40       397           uname
  0,03    0,015525          43       355           gettid
  0,02    0,010846         387        28           clone3
  0,02    0,010772         538        20           clock_nanosleep
  0,02    0,009071          66       137           rt_sigaction
  0,01    0,008306          52       158       149 newfstatat
  0,01    0,005514         119        46           madvise
  0,01    0,003557          61        58           sched_getaffinity
  0,00    0,002887          96        30           set_robust_list
  0,00    0,002125          70        30           rseq
  0,00    0,001993         104        19           sched_yield
  0,00    0,001566          43        36           lstat
  0,00    0,001191          79        15           write
  0,00    0,000727         103         7         5 execve
  0,00    0,000648          58        11         7 readlink
  0,00    0,000639          49        13           getrandom
  0,00    0,000605         121         5           sched_getparam
  0,00    0,000538          44        12           sysinfo
  0,00    0,000437          43        10           pread64
  0,00    0,000420          60         7           statx
  0,00    0,000417          83         5           sched_getscheduler
  0,00    0,000401          66         6         5 access
  0,00    0,000391          48         8           mbind
  0,00    0,000366          40         9           fcntl
  0,00    0,000321         107         3           unlink
  0,00    0,000308         308         1           vfork
  0,00    0,000291         145         2           dup2
  0,00    0,000267         267         1           bind
  0,00    0,000203          50         4           getcwd
  0,00    0,000153          38         4           prlimit64
  0,00    0,000139          69         2           pipe2
  0,00    0,000135          45         3           getpid
  0,00    0,000122          61         2         2 statfs
  0,00    0,000118          39         3           sigaltstack
  0,00    0,000111          55         2           eventfd2
  0,00    0,000085          85         1           readlinkat
  0,00    0,000082          41         2           set_tid_address
  0,00    0,000081          40         2           arch_prctl
  0,00    0,000075          75         1           socket
  0,00    0,000054          54         1           poll
  0,00    0,000051          51         1           prctl
  0,00    0,000049          49         1           link
  0,00    0,000048          48         1           epoll_create1
------ ----------- ----------- --------- --------- -------------------
100,00   58,359260         602     96908      6647 total
