% time     seconds  usecs/call     calls    errors syscall
------ ----------- ----------- --------- --------- -------------------
 90,15   56,287205       42099      1337        69 futex
  2,20    1,376167          67     20411           mmap
  2,16    1,349662          70     19030           munmap
  1,67    1,042009          60     17347      2563 stat
  0,78    0,487351          60      8048           read
  0,70    0,438394          54      8064           fstat
  0,63    0,393608          53      7307         5 lseek
  0,49    0,302919          64      4707       221 openat
  0,44    0,276250          61      4499           close
  0,32    0,199025          54      3683      3678 ioctl
  0,11    0,071138          67      1050           getdents64
  0,07    0,041527          56       740           brk
  0,05    0,030674          70       438           mprotect
  0,05    0,028933          54       529           uname
  0,04    0,027984       27984         1           wait4
  0,03    0,016099          39       405           gettid
  0,02    0,012507          91       136           rt_sigprocmask
  0,02    0,011024         393        28           clone3
  0,01    0,007864          49       158       149 newfstatat
  0,01    0,005202          37       137           rt_sigaction
  0,01    0,004816         104        46           madvise
  0,01    0,003501          53        65           sched_getaffinity
  0,01    0,003149         104        30           set_robust_list
  0,00    0,003045         101        30           rseq
  0,00    0,003031         505         6           clock_nanosleep
  0,00    0,002192         219        10           sched_getscheduler
  0,00    0,002069          57        36           lstat
  0,00    0,001951         195        10           sched_getparam
  0,00    0,001528         218         7         5 execve
  0,00    0,001237          82        15           write
  0,00    0,001221          93        13           sysinfo
  0,00    0,000761          58        13           getrandom
  0,00    0,000716          65        11         7 readlink
  0,00    0,000645          64        10           pread64
  0,00    0,000529          66         8           mbind
  0,00    0,000523         130         4           sched_yield
  0,00    0,000519          57         9           fcntl
  0,00    0,000454          64         7           statx
  0,00    0,000413         103         4           prlimit64
  0,00    0,000393         393         1           readlinkat
  0,00    0,000302          50         6         5 access
  0,00    0,000224          74         3           unlink
  0,00    0,000181          60         3           sigaltstack
  0,00    0,000156          39         4           getcwd
  0,00    0,000147          73         2           arch_prctl
  0,00    0,000121          60         2         2 statfs
  0,00    0,000112          56         2           set_tid_address
  0,00    0,000111          55         2           pipe2
  0,00    0,000110         110         1           bind
  0,00    0,000104          34         3           getpid
  0,00    0,000061          61         1           socket
  0,00    0,000057          57         1           prctl
  0,00    0,000054          54         1           link
  0,00    0,000054          54         1           epoll_create1
  0,00    0,000043          21         2           eventfd2
  0,00    0,000000           0         1           poll
  0,00    0,000000           0         2           dup2
  0,00    0,000000           0         1           vfork
------ ----------- ----------- --------- --------- -------------------
100,00   62,440072         634     98428      6704 total
