% time     seconds  usecs/call     calls    errors syscall
------ ----------- ----------- --------- --------- -------------------
 89,64   50,081664      309146       162         8 futex
  2,36    1,317067          64     20386           mmap
  2,34    1,305801          68     19004           munmap
  1,76    0,980507          56     17347      2563 stat
  0,81    0,451643          56      8048           read
  0,72    0,401565          49      8064           fstat
  0,64    0,356848          48      7307         5 lseek
  0,52    0,289695          61      4707       221 openat
  0,44    0,244764          54      4499           close
  0,32    0,181506          49      3683      3678 ioctl
  0,11    0,063059          60      1050           getdents64
  0,08    0,043607          59       734           brk
  0,06    0,031069       31069         1           wait4
  0,04    0,021658          68       315           mprotect
  0,03    0,015774          44       355           gettid
  0,02    0,012388         442        28           clone3
  0,02    0,012007          30       397           uname
  0,02    0,011071          70       158       149 newfstatat
  0,02    0,010865          87       124           rt_sigprocmask
  0,01    0,005128         111        46           madvise
  0,01    0,004167          30       137           rt_sigaction
  0,01    0,004090         136        30           set_robust_list
  0,01    0,003249         108        30           rseq
  0,00    0,002573          44        58           sched_getaffinity
  0,00    0,002363          65        36           lstat
  0,00    0,002145         143        15           write
  0,00    0,002037        1018         2           clock_nanosleep
  0,00    0,001878         268         7         5 execve
  0,00    0,000800          80        10           pread64
  0,00    0,000580          48        12           sysinfo
  0,00    0,000568          43        13           getrandom
  0,00    0,000547          68         8           mbind
  0,00    0,000539         107         5           sched_getparam
  0,00    0,000392          56         7           statx
  0,00    0,000363          33        11         7 readlink
  0,00    0,000327          54         6         5 access
  0,00    0,000285          57         5           sched_getscheduler
  0,00    0,000279          93         3           sigaltstack
  0,00    0,000259          86         3           unlink
  0,00    0,000206         206         1           vfork
  0,00    0,000172          43         4           prlimit64
  0,00    0,000170          18         9           fcntl
  0,00    0,000129          32         4           getcwd
  0,00    0,000124          62         2         2 statfs
  0,00    0,000124          62         2           pipe2
  0,00    0,000110         110         1           readlinkat
  0,00    0,000098          49         2           arch_prctl
  0,00    0,000096          48         2           set_tid_address
  0,00    0,000090          30         3           getpid
  0,00    0,000080          40         2           eventfd2
  0,00    0,000066          66         1           link
  0,00    0,000060          60         1           poll
  0,00    0,000056          56         1           prctl
  0,00    0,000037          37         1           epoll_create1
  0,00    0,000000           0         2           dup2
  0,00    0,000000           0         1           socket
  0,00    0,000000           0         1           bind
------ ----------- ----------- --------- --------- -------------------
100,00   55,866745         576     96853      6643 total
