% time     seconds  usecs/call     calls    errors syscall
------ ----------- ----------- --------- --------- -------------------
 90,01   51,424995       38008      1353        60 futex
  2,23    1,273680          62     20412           mmap
  2,18    1,247253          65     19027           munmap
  1,75    0,997486          57     17347      2563 stat
  0,76    0,436925          54      8048           read
  0,74    0,424338          52      8064           fstat
  0,62    0,353631          48      7307         5 lseek
  0,48    0,273406          58      4707       221 openat
  0,42    0,240391          53      4499           close
  0,31    0,177799          48      3683      3678 ioctl
  0,11    0,061687          58      1050           getdents64
  0,07    0,040807          54       743           brk
  0,05    0,031159       15579         2           clock_nanosleep
  0,05    0,028893          54       529           uname
  0,05    0,027222       27222         1           wait4
  0,05    0,027180          62       437           mprotect
  0,03    0,014414          35       405           gettid
  0,01    0,008550         305        28           clone3
  0,01    0,008403          62       134           rt_sigprocmask
  0,01    0,007937          50       158       149 newfstatat
  0,01    0,005079          37       137           rt_sigaction
  0,01    0,003624          78        46           madvise
  0,00    0,002335          35        65           sched_getaffinity
  0,00    0,002214         316         7         5 execve
  0,00    0,001810          60        30           set_robust_list
  0,00    0,001502          41        36           lstat
  0,00    0,001291          43        30           rseq
  0,00    0,001140          76        15           write
  0,00    0,001016          78        13           sysinfo
  0,00    0,001007         125         8           sched_getparam
  0,00    0,000895         111         8           sched_getscheduler
  0,00    0,000658          50        13           getrandom
  0,00    0,000632         316         2           eventfd2
  0,00    0,000610          61        10           pread64
  0,00    0,000571          81         7           statx
  0,00    0,000401          50         8           mbind
  0,00    0,000384         128         3           unlink
  0,00    0,000373         186         2           sched_yield
  0,00    0,000355          32        11         7 readlink
  0,00    0,000342          38         9           fcntl
  0,00    0,000311         155         2         2 statfs
  0,00    0,000267         267         1           poll
  0,00    0,000224          56         4           getcwd
  0,00    0,000200          50         4           prlimit64
  0,00    0,000198          33         6         5 access
  0,00    0,000178         178         1           vfork
  0,00    0,000172          57         3           getpid
  0,00    0,000163          54         3           sigaltstack
  0,00    0,000114          57         2           pipe2
  0,00    0,000113         113         1           bind
  0,00    0,000109          54         2           arch_prctl
  0,00    0,000104          52         2           set_tid_address
  0,00    0,000078          78         1           epoll_create1
  0,00    0,000065          65         1           link
  0,00    0,000062          62         1           socket
  0,00    0,000058          58         1           prctl
  0,00    0,000000           0         2           dup2
  0,00    0,000000           0         1           readlinkat
------ ----------- ----------- --------- --------- -------------------
100,00   57,134811         580     98432      6695 total
