% time     seconds  usecs/call     calls    errors syscall
------ ----------- ----------- --------- --------- -------------------
 89,67   51,145198      193731       264        13 futex
  2,35    1,341951          65     20410           mmap
  2,33    1,326699          69     19028           munmap
  1,72    0,982167          56     17347      2563 stat
  0,81    0,461342          57      8048           read
  0,76    0,433311          53      8064           fstat
  0,64    0,362229          49      7307         5 lseek
  0,50    0,285528          60      4707       221 openat
  0,44    0,249756          55      4499           close
  0,33    0,187060          50      3683      3678 ioctl
  0,11    0,065102          62      1050           getdents64
  0,07    0,041772          56       740           brk
  0,05    0,030649          70       437           mprotect
  0,03    0,019053        9526         2           clock_nanosleep
  0,03    0,017154          38       445           uname
  0,03    0,015494       15494         1           wait4
  0,02    0,012403          30       405           gettid
  0,02    0,010723         382        28           clone3
  0,02    0,009342          70       132           rt_sigprocmask
  0,02    0,009204          58       158       149 newfstatat
  0,01    0,005511          40       137           rt_sigaction
  0,01    0,004036          87        46           madvise
  0,01    0,003666          57        64           sched_getaffinity
  0,01    0,003589         119        30           set_robust_list
  0,00    0,002519          83        30           rseq
  0,00    0,002179          60        36           lstat
  0,00    0,001581         105        15           write
  0,00    0,001520         217         7           sched_getscheduler
  0,00    0,001455         132        11         7 readlink
  0,00    0,001451         207         7         5 execve
  0,00    0,001051          80        13           sysinfo
  0,00    0,000704         100         7           sched_getparam
  0,00    0,000609          46        13           getrandom
  0,00    0,000493          49        10           pread64
  0,00    0,000463          51         9           fcntl
  0,00    0,000386         386         1           vfork
  0,00    0,000300         150         2           sched_yield
  0,00    0,000280          70         4           getcwd
  0,00    0,000243          40         6         5 access
  0,00    0,000228          28         8           mbind
  0,00    0,000223          31         7           statx
  0,00    0,000199          66         3           unlink
  0,00    0,000192          48         4           prlimit64
  0,00    0,000160          80         2           set_tid_address
  0,00    0,000150          75         2           pipe2
  0,00    0,000149          49         3           getpid
  0,00    0,000117         117         1           bind
  0,00    0,000093          46         2           arch_prctl
  0,00    0,000085          28         3           sigaltstack
  0,00    0,000065          65         1           epoll_create1
  0,00    0,000064          64         1           socket
  0,00    0,000063          63         1           readlinkat
  0,00    0,000062          31         2         2 statfs
  0,00    0,000061          61         1           link
  0,00    0,000055          27         2           eventfd2
  0,00    0,000033          33         1           poll
  0,00    0,000029          29         1           prctl
  0,00    0,000000           0         2           dup2
------ ----------- ----------- --------- --------- -------------------
100,00   57,040201         586     97250      6648 total
