% time     seconds  usecs/call     calls    errors syscall
------ ----------- ----------- --------- --------- -------------------
 89,82   52,250983       39554      1321        52 futex
  2,32    1,350472          70     19028           munmap
  2,29    1,331486          65     20410           mmap
  1,73    1,006048          57     17347      2563 stat
  0,79    0,457147          56      8048           read
  0,71    0,414109          51      8064           fstat
  0,63    0,367806          50      7307         5 lseek
  0,48    0,279824          59      4707       221 openat
  0,45    0,263609          58      4499           close
  0,32    0,188955          51      3683      3678 ioctl
  0,11    0,064261          61      1050           getdents64
  0,07    0,039894          53       740           brk
  0,05    0,028400       28400         1           wait4
  0,04    0,025613          58       437           mprotect
  0,04    0,023979          45       529           uname
  0,03    0,014898          36       405           gettid
  0,02    0,012087         431        28           clone3
  0,02    0,011439          90       126           rt_sigprocmask
  0,01    0,006571          41       158       149 newfstatat
  0,01    0,006050         131        46           madvise
  0,01    0,005280          38       137           rt_sigaction
  0,01    0,002978          45        65           sched_getaffinity
  0,00    0,002754          91        30           rseq
  0,00    0,002172         310         7         5 execve
  0,00    0,002153          71        30           set_robust_list
  0,00    0,001460          40        36           lstat
  0,00    0,001307         653         2           clock_nanosleep
  0,00    0,001096          73        15           write
  0,00    0,001015         203         5           sched_getparam
  0,00    0,000844          76        11         7 readlink
  0,00    0,000834          64        13           getrandom
  0,00    0,000732          73        10           pread64
  0,00    0,000688         137         5           sched_getscheduler
  0,00    0,000650          50        13           sysinfo
  0,00    0,000485          53         9           fcntl
  0,00    0,000463          57         8           mbind
  0,00    0,000414          59         7           statx
  0,00    0,000385         385         1           vfork
  0,00    0,000251          62         4           getcwd
  0,00    0,000247          82         3           unlink
  0,00    0,000235          58         4           prlimit64
  0,00    0,000231          38         6         5 access
  0,00    0,000201         100         2           eventfd2
  0,00    0,000165          55         3           sigaltstack
  0,00    0,000148          74         2         2 statfs
  0,00    0,000141          70         2           pipe2
  0,00    0,000134         134         1           bind
  0,00    0,000109          54         2           arch_prctl
  0,00    0,000109          54         2           set_tid_address
  0,00    0,000074          74         1           socket
  0,00    0,000061          61         1           poll
  0,00    0,000056          56         1           prctl
  0,00    0,000054          18         3           getpid
  0,00    0,000054          54         1           epoll_create1
  0,00    0,000000           0         2           dup2
  0,00    0,000000           0         1           link
  0,00    0,000000           0         1           readlinkat
------ ----------- ----------- --------- --------- -------------------
100,00   58,171611         591     98380      6687 total
