% time     seconds  usecs/call     calls    errors syscall
------ ----------- ----------- --------- --------- -------------------
 89,67   49,905390      188322       265         9 futex
  2,35    1,310219          64     20410           mmap
  2,28    1,271650          66     19030           munmap
  1,70    0,946806          54     17347      2563 stat
  0,78    0,436873          54      8048           read
  0,72    0,401173          49      8064           fstat
  0,64    0,355254          48      7307         5 lseek
  0,61    0,339159          72      4707       221 openat
  0,43    0,240272          53      4499           close
  0,33    0,181589          49      3683      3678 ioctl
  0,11    0,062305          59      1050           getdents64
  0,06    0,033170          44       740           brk
  0,05    0,029865          68       439           mprotect
  0,04    0,023254         726        32           clock_nanosleep
  0,03    0,014978          36       405           gettid
  0,03    0,014780         117       126           rt_sigprocmask
  0,03    0,014005       14005         1           wait4
  0,02    0,012153         434        28           clone3
  0,02    0,011090          24       445           uname
  0,02    0,010109          63       158       149 newfstatat
  0,01    0,007865         170        46           madvise
  0,01    0,004980         166        30           sched_yield
  0,01    0,004960          36       137           rt_sigaction
  0,01    0,003802         126        30           set_robust_list
  0,01    0,003603          56        64           sched_getaffinity
  0,01    0,003457         115        30           rseq
  0,00    0,002503          69        36           lstat
  0,00    0,001398          93        15           write
  0,00    0,000965          74        13           sysinfo
  0,00    0,000914          70        13           getrandom
  0,00    0,000862          78        11         7 readlink
  0,00    0,000733         146         5           sched_getscheduler
  0,00    0,000520          57         9           fcntl
  0,00    0,000455          56         8           mbind
  0,00    0,000419         419         1           vfork
  0,00    0,000413          59         7           statx
  0,00    0,000355          35        10           pread64
  0,00    0,000289          72         4           prlimit64
  0,00    0,000218          72         3           unlink
  0,00    0,000210          42         5           sched_getparam
  0,00    0,000201          50         4           getcwd
  0,00    0,000198          33         6         5 access
  0,00    0,000155          51         3           getpid
  0,00    0,000133         133         1           bind
  0,00    0,000121          60         2         2 statfs
  0,00    0,000115          38         3           sigaltstack
  0,00    0,000114          57         2           pipe2
  0,00    0,000104          52         2           arch_prctl
  0,00    0,000086          86         1           poll
  0,00    0,000067          33         2           eventfd2
  0,00    0,000066          66         1           link
  0,00    0,000066          33         2           set_tid_address
  0,00    0,000064          64         1           epoll_create1
  0,00    0,000062          62         1           socket
  0,00    0,000056          56         1           prctl
  0,00    0,000000           0         2           dup2
  0,00    0,000000           0         7         5 execve
  0,00    0,000000           0         1           readlinkat
------ ----------- ----------- --------- --------- -------------------
100,00   55,654623         571     97303      6644 total
