% time     seconds  usecs/call     calls    errors syscall
------ ----------- ----------- --------- --------- -------------------
 89,68   53,641465      195059       275        15 futex
  2,27    1,357950          66     20410           mmap
  2,19    1,308956          68     19028           munmap
  1,89    1,128597          65     17347      2563 stat
  0,82    0,490022          60      8048           read
  0,75    0,445987          55      8064           fstat
  0,67    0,399496          54      7307         5 lseek
  0,52    0,312020          66      4707       221 openat
  0,45    0,269443          59      4499           close
  0,33    0,199236          54      3683      3678 ioctl
  0,12    0,069421          66      1050           getdents64
  0,07    0,041847          56       737           brk
  0,05    0,030913          70       438           mprotect
  0,03    0,019672       19672         1           wait4
  0,03    0,017364          39       445           uname
  0,02    0,014563          35       405           gettid
  0,02    0,012086         431        28           clone3
  0,02    0,011953          94       126           rt_sigprocmask
  0,01    0,007136          52       137           rt_sigaction
  0,01    0,006905         150        46           madvise
  0,01    0,006548          41       158       149 newfstatat
  0,01    0,003418         113        30           set_robust_list
  0,00    0,002472          38        64           sched_getaffinity
  0,00    0,002247         374         6           sched_getparam
  0,00    0,002020          67        30           rseq
  0,00    0,001632         816         2           clock_nanosleep
  0,00    0,001543          42        36           lstat
  0,00    0,001484          98        15           write
  0,00    0,001340         223         6           sched_getscheduler
  0,00    0,000744          67        11         7 readlink
  0,00    0,000730         104         7         5 execve
  0,00    0,000703          54        13           getrandom
  0,00    0,000644          49        13           sysinfo
  0,00    0,000519          57         9           fcntl
  0,00    0,000429          42        10           pread64
  0,00    0,000428          53         8           mbind
  0,00    0,000282         141         2           dup2
  0,00    0,000263         131         2           set_tid_address
  0,00    0,000227          75         3           unlink
  0,00    0,000224          56         4           prlimit64
  0,00    0,000204         204         1           vfork
  0,00    0,000183          26         7           statx
  0,00    0,000173          28         6         5 access
  0,00    0,000157          39         4           getcwd
  0,00    0,000156          52         3           getpid
  0,00    0,000130          43         3           sigaltstack
  0,00    0,000127          63         2           pipe2
  0,00    0,000123          61         2         2 statfs
  0,00    0,000118          59         2           eventfd2
  0,00    0,000111          55         2           arch_prctl
  0,00    0,000110         110         1           bind
  0,00    0,000074          74         1           epoll_create1
  0,00    0,000071          71         1           socket
  0,00    0,000061          61         1           poll
  0,00    0,000057          57         1           prctl
  0,00    0,000048          48         1           link
  0,00    0,000000           0         1           readlinkat
------ ----------- ----------- --------- --------- -------------------
100,00   59,814832         615     97249      6650 total
